INFO:arc_agi.scorecard:Initialized ScorecardManager with idle_for=0:15:00 and max_open_for=3 days, 0:00:00
2026-05-31 23:21:01 | INFO | Created new scorecard: 12f06129-c367-47bd-9a10-c71205b9746c
2026-05-31 23:21:01 | INFO | Successfully loaded game class Ls20 from /Users/chrishe/Desktop/同步空间/Chris/Chris/Obsidian Vault/UCSD/Course Notes/CSE 190 Deep RL/Group Project/Code Repo/environment_files/ls20/9607627b/ls20.py

=== mode=novelty c_entropy=0.01 seed=0 leak=0.01 episodic=True sigma=0.1 ===
 upd  entropy      kl    V_int  Ret_int adv_grdy  nov_raw rew_mean frozen
   1    1.386 -0.0004   -0.024   -0.021   0.0036    0.175        0  False
   2    1.386 -0.0001   -0.089   -0.075   0.0142  0.00207        0  False
   3    1.386 -0.0001   -0.065    0.634   0.7026  0.00314   0.0478  False
   4    1.384 -0.0006    0.163    0.615   0.4619  0.00222    0.034  False
   6    1.349  0.0015    0.641    1.058   0.4044  0.00261   0.0404  False
   8    1.349  0.0013    1.343    1.650   0.2993  0.00297   0.0463  False
  10    1.326  0.0032    1.879    1.966   0.0785  0.00266    0.042  False
  12    1.319  0.0001    1.880    1.796  -0.0746  0.00196   0.0312  False
  14    1.229  0.0035    1.710    1.915   0.2074  0.00317   0.0509  False
  16    1.127  0.0028    2.112    2.434   0.3410  0.00419   0.0677  False
  18    0.997  0.0048    2.602    2.520  -0.0661  0.00288   0.0462  False
  20    0.843  0.0033    2.758    3.702   0.9795  0.00773    0.124  False
  22    0.772  0.0019    3.771    4.174   0.4111  0.00666    0.102  False
  24    0.791  0.0039    3.811    4.327   0.5230  0.00789    0.122  False
  26    0.758  0.0090    3.906    3.627  -0.2629  0.00393   0.0606  False
  28    0.742  0.0036    3.970    5.768   1.8178   0.0156    0.225  False
  30    0.719  0.0010    4.342    4.065  -0.2720   0.0048   0.0661  False
  32    0.591  0.0017    5.475    7.408   1.9327   0.0222    0.248  False
  34    0.706  0.0004    4.751    4.147  -0.6048  0.00484   0.0506  False
  36    0.547  0.0041    5.218    4.608  -0.5992  0.00383   0.0403  False
  38    0.440  0.0101    5.261    5.433   0.2273  0.00945   0.0975  False
  40    0.280  0.0028    6.150    6.394   0.2731   0.0122    0.124  False
  42    0.162  0.0008    7.739    6.656  -1.0710  0.00525    0.048   True  <-FREEZE
  44    0.119  0.0000    7.530    6.779  -0.7470  0.00511   0.0469   True
  46    0.088  0.0015    7.214    6.376  -0.8355  0.00445   0.0412   True
  48    0.050 -0.0001    6.589    5.617  -0.9686  0.00422   0.0394   True
  50    0.013 -0.0000    6.532    5.640  -0.8905  0.00421   0.0397   True
  --> ent first=1.386 min=0.013 last=0.013 lastQ_mean=0.135
  wrote JEPA/experiments/exp_013_sparse_exploration/probes/results/h6_episodic_ce01_s0.json
