INFO:arc_agi.scorecard:Initialized ScorecardManager with idle_for=0:15:00 and max_open_for=3 days, 0:00:00
2026-05-31 23:41:08 | INFO | Created new scorecard: fe5c22b5-d7c7-4082-b3ab-4ebb93fa6454
2026-05-31 23:41:08 | INFO | Successfully loaded game class Ls20 from /Users/chrishe/Desktop/同步空间/Chris/Chris/Obsidian Vault/UCSD/Course Notes/CSE 190 Deep RL/Group Project/Code Repo/environment_files/ls20/9607627b/ls20.py

=== mode=novelty c_entropy=0.02 seed=0 leak=0.01 episodic=False sigma=0.1 ===
 upd  entropy      kl    V_int  Ret_int adv_grdy  nov_raw rew_mean frozen
   1    1.386 -0.0004   -0.024   -0.021   0.0036    0.175        0  False
   2    1.386 -0.0000   -0.092   -0.078   0.0130  0.00207        0  False
   3    1.386 -0.0000   -0.067    0.652   0.7235  0.00314   0.0478  False
   4    1.384 -0.0003    0.210    0.678   0.4680   0.0022   0.0337  False
   6    1.382  0.0008    0.628    1.126   0.4982  0.00259     0.04  False
   8    1.372  0.0016    0.988    1.279   0.2932   0.0019   0.0296  False
  10    1.362  0.0006    1.540    1.764   0.2223  0.00194   0.0306  False
  12    1.329  0.0073    1.919    2.260   0.3469  0.00266   0.0423  False
  14    1.191  0.0078    2.202    3.506   1.3063  0.00699     0.11  False
  16    1.134  0.0052    2.943    3.283   0.3542  0.00333   0.0529  False
  18    1.012  0.0033    3.668    4.408   0.7753  0.00548   0.0865  False
  20    0.863  0.0022    4.247    7.000   2.8070   0.0164    0.231  False
  22    0.837  0.0081    5.207    6.766   1.5632   0.0118    0.157  False
  24    0.790  0.0025    5.834    6.421   0.5771  0.00743   0.0972  False
  26    0.694  0.0115    6.594    7.893   1.3272    0.014    0.154  False
  28    0.628  0.0004    7.228    8.201   0.9791   0.0133    0.139  False
  30    0.610  0.0008    7.697    7.273  -0.4056  0.00569   0.0485  False
  32    0.422  0.0021    8.411    8.927   0.5219   0.0141    0.119  False
  34    0.323  0.0051    8.517    8.614   0.1019    0.011   0.0923  False
  36    0.282  0.0013    8.868    7.977  -0.8893  0.00337   0.0278  False
  38    0.208  0.0003    8.339   10.601   2.2669   0.0315    0.237   True
  40    0.225  0.0005    9.928   10.739   0.8136   0.0205    0.155   True
  42    0.167  0.0011   10.284   10.271  -0.0120   0.0134    0.101   True
  44    0.140  0.0016   10.123    9.667  -0.4541  0.00927   0.0706   True
  46    0.101  0.0003    9.908    9.228  -0.6788  0.00694   0.0532   True
  48    0.099  0.0010    9.670    8.911  -0.7596  0.00575   0.0444   True
  50    0.081  0.0001    9.084    8.312  -0.7724  0.00487   0.0379   True
  --> ent first=1.386 min=0.080 last=0.081 lastQ_mean=0.139
  wrote JEPA/experiments/exp_013_sparse_exploration/probes/results/h5_ce0.02_s0.json
